#Origin_ID Destination_ID <car demand by interval> <truck demand by interval>
1 1 50 50 50 50 50 50 50 50 50 50 2 2 2 2 2 2 2 2 2 2
1 2 50 50 50 50 50 50 50 50 50 50 2 2 2 2 2 2 2 2 2 2
1 3 50 50 50 50 50 50 50 50 50 50 2 2 2 2 2 2 2 2 2 2
1 4 50 50 50 50 50 50 50 50 50 50 2 2 2 2 2 2 2 2 2 2
1 5 50 50 50 50 50 50 50 50 50 50 2 2 2 2 2 2 2 2 2 2
1 6 50 50 50 50 50 50 50 50 50 50 2 2 2 2 2 2 2 2 2 2
1 7 50 50 50 50 50 50 50 50 50 50 2 2 2 2 2 2 2 2 2 2
1 8 50 50 50 50 50 50 50 50 50 50 2 2 2 2 2 2 2 2 2 2
1 9 50 50 50 50 50 50 50 50 50 50 2 2 2 2 2 2 2 2 2 2
1 10 50 50 50 50 50 50 50 50 50 50 2 2 2 2 2 2 2 2 2 2
1 11 50 50 50 50 50 50 50 50 50 50 2 2 2 2 2 2 2 2 2 2
1 12 50 50 50 50 50 50 50 50 50 50 2 2 2 2 2 2 2 2 2 2
1 13 50 50 50 50 50 50 50 50 50 50 2 2 2 2 2 2 2 2 2 2
1 14 50 50 50 50 50 50 50 50 50 50 2 2 2 2 2 2 2 2 2 2
2 2 50 50 50 50 50 50 50 50 50 50 2 2 2 2 2 2 2 2 2 2
2 3 50 50 50 50 50 50 50 50 50 50 2 2 2 2 2 2 2 2 2 2
2 4 50 50 50 50 50 50 50 50 50 50 2 2 2 2 2 2 2 2 2 2
2 5 50 50 50 50 50 50 50 50 50 50 2 2 2 2 2 2 2 2 2 2
2 6 50 50 50 50 50 50 50 50 50 50 2 2 2 2 2 2 2 2 2 2
2 7 50 50 50 50 50 50 50 50 50 50 2 2 2 2 2 2 2 2 2 2
2 8 50 50 50 50 50 50 50 50 50 50 2 2 2 2 2 2 2 2 2 2
2 9 50 50 50 50 50 50 50 50 50 50 2 2 2 2 2 2 2 2 2 2
2 10 50 50 50 50 50 50 50 50 50 50 2 2 2 2 2 2 2 2 2 2
2 11 50 50 50 50 50 50 50 50 50 50 2 2 2 2 2 2 2 2 2 2
2 12 50 50 50 50 50 50 50 50 50 50 2 2 2 2 2 2 2 2 2 2
2 13 50 50 50 50 50 50 50 50 50 50 2 2 2 2 2 2 2 2 2 2
2 14 50 50 50 50 50 50 50 50 50 50 2 2 2 2 2 2 2 2 2 2
3 1 50 50 50 50 50 50 50 50 50 50 2 2 2 2 2 2 2 2 2 2
3 2 50 50 50 50 50 50 50 50 50 50 2 2 2 2 2 2 2 2 2 2
3 4 50 50 50 50 50 50 50 50 50 50 2 2 2 2 2 2 2 2 2 2
3 5 50 50 50 50 50 50 50 50 50 50 2 2 2 2 2 2 2 2 2 2
3 6 50 50 50 50 50 50 50 50 50 50 2 2 2 2 2 2 2 2 2 2
3 7 50 50 50 50 50 50 50 50 50 50 2 2 2 2 2 2 2 2 2 2
3 8 50 50 50 50 50 50 50 50 50 50 2 2 2 2 2 2 2 2 2 2
3 9 50 50 50 50 50 50 50 50 50 50 2 2 2 2 2 2 2 2 2 2
3 10 50 50 50 50 50 50 50 50 50 50 2 2 2 2 2 2 2 2 2 2
3 11 50 50 50 50 50 50 50 50 50 50 2 2 2 2 2 2 2 2 2 2
3 12 50 50 50 50 50 50 50 50 50 50 2 2 2 2 2 2 2 2 2 2
3 13 50 50 50 50 50 50 50 50 50 50 2 2 2 2 2 2 2 2 2 2
3 14 50 50 50 50 50 50 50 50 50 50 2 2 2 2 2 2 2 2 2 2
4 1 50 50 50 50 50 50 50 50 50 50 2 2 2 2 2 2 2 2 2 2
4 2 50 50 50 50 50 50 50 50 50 50 2 2 2 2 2 2 2 2 2 2
4 3 50 50 50 50 50 50 50 50 50 50 2 2 2 2 2 2 2 2 2 2
4 4 50 50 50 50 50 50 50 50 50 50 2 2 2 2 2 2 2 2 2 2
4 5 50 50 50 50 50 50 50 50 50 50 2 2 2 2 2 2 2 2 2 2
4 6 50 50 50 50 50 50 50 50 50 50 2 2 2 2 2 2 2 2 2 2
4 7 50 50 50 50 50 50 50 50 50 50 2 2 2 2 2 2 2 2 2 2
4 8 50 50 50 50 50 50 50 50 50 50 2 2 2 2 2 2 2 2 2 2
4 9 50 50 50 50 50 50 50 50 50 50 2 2 2 2 2 2 2 2 2 2
4 10 50 50 50 50 50 50 50 50 50 50 2 2 2 2 2 2 2 2 2 2
4 11 50 50 50 50 50 50 50 50 50 50 2 2 2 2 2 2 2 2 2 2
4 12 50 50 50 50 50 50 50 50 50 50 2 2 2 2 2 2 2 2 2 2
4 13 50 50 50 50 50 50 50 50 50 50 2 2 2 2 2 2 2 2 2 2
4 14 50 50 50 50 50 50 50 50 50 50 2 2 2 2 2 2 2 2 2 2
5 1 50 50 50 50 50 50 50 50 50 50 2 2 2 2 2 2 2 2 2 2
5 2 50 50 50 50 50 50 50 50 50 50 2 2 2 2 2 2 2 2 2 2
5 3 50 50 50 50 50 50 50 50 50 50 2 2 2 2 2 2 2 2 2 2
5 4 50 50 50 50 50 50 50 50 50 50 2 2 2 2 2 2 2 2 2 2
5 5 50 50 50 50 50 50 50 50 50 50 2 2 2 2 2 2 2 2 2 2
5 6 50 50 50 50 50 50 50 50 50 50 2 2 2 2 2 2 2 2 2 2
5 7 50 50 50 50 50 50 50 50 50 50 2 2 2 2 2 2 2 2 2 2
5 8 50 50 50 50 50 50 50 50 50 50 2 2 2 2 2 2 2 2 2 2
5 9 50 50 50 50 50 50 50 50 50 50 2 2 2 2 2 2 2 2 2 2
5 10 50 50 50 50 50 50 50 50 50 50 2 2 2 2 2 2 2 2 2 2
5 11 50 50 50 50 50 50 50 50 50 50 2 2 2 2 2 2 2 2 2 2
5 12 50 50 50 50 50 50 50 50 50 50 2 2 2 2 2 2 2 2 2 2
5 13 50 50 50 50 50 50 50 50 50 50 2 2 2 2 2 2 2 2 2 2
5 14 50 50 50 50 50 50 50 50 50 50 2 2 2 2 2 2 2 2 2 2
6 1 50 50 50 50 50 50 50 50 50 50 2 2 2 2 2 2 2 2 2 2
6 2 50 50 50 50 50 50 50 50 50 50 2 2 2 2 2 2 2 2 2 2
6 3 50 50 50 50 50 50 50 50 50 50 2 2 2 2 2 2 2 2 2 2
6 4 50 50 50 50 50 50 50 50 50 50 2 2 2 2 2 2 2 2 2 2
6 5 50 50 50 50 50 50 50 50 50 50 2 2 2 2 2 2 2 2 2 2
6 6 50 50 50 50 50 50 50 50 50 50 2 2 2 2 2 2 2 2 2 2
6 7 50 50 50 50 50 50 50 50 50 50 2 2 2 2 2 2 2 2 2 2
6 8 50 50 50 50 50 50 50 50 50 50 2 2 2 2 2 2 2 2 2 2
6 9 50 50 50 50 50 50 50 50 50 50 2 2 2 2 2 2 2 2 2 2
6 10 50 50 50 50 50 50 50 50 50 50 2 2 2 2 2 2 2 2 2 2
6 11 50 50 50 50 50 50 50 50 50 50 2 2 2 2 2 2 2 2 2 2
6 12 50 50 50 50 50 50 50 50 50 50 2 2 2 2 2 2 2 2 2 2
6 13 50 50 50 50 50 50 50 50 50 50 2 2 2 2 2 2 2 2 2 2
6 14 50 50 50 50 50 50 50 50 50 50 2 2 2 2 2 2 2 2 2 2
7 1 50 50 50 50 50 50 50 50 50 50 2 2 2 2 2 2 2 2 2 2
7 2 50 50 50 50 50 50 50 50 50 50 2 2 2 2 2 2 2 2 2 2
7 3 50 50 50 50 50 50 50 50 50 50 2 2 2 2 2 2 2 2 2 2
7 4 50 50 50 50 50 50 50 50 50 50 2 2 2 2 2 2 2 2 2 2
7 5 50 50 50 50 50 50 50 50 50 50 2 2 2 2 2 2 2 2 2 2
7 6 50 50 50 50 50 50 50 50 50 50 2 2 2 2 2 2 2 2 2 2
7 7 50 50 50 50 50 50 50 50 50 50 2 2 2 2 2 2 2 2 2 2
7 8 50 50 50 50 50 50 50 50 50 50 2 2 2 2 2 2 2 2 2 2
7 9 50 50 50 50 50 50 50 50 50 50 2 2 2 2 2 2 2 2 2 2
7 10 50 50 50 50 50 50 50 50 50 50 2 2 2 2 2 2 2 2 2 2
7 11 50 50 50 50 50 50 50 50 50 50 2 2 2 2 2 2 2 2 2 2
7 12 50 50 50 50 50 50 50 50 50 50 2 2 2 2 2 2 2 2 2 2
7 13 50 50 50 50 50 50 50 50 50 50 2 2 2 2 2 2 2 2 2 2
7 14 50 50 50 50 50 50 50 50 50 50 2 2 2 2 2 2 2 2 2 2
8 1 50 50 50 50 50 50 50 50 50 50 2 2 2 2 2 2 2 2 2 2
8 2 50 50 50 50 50 50 50 50 50 50 2 2 2 2 2 2 2 2 2 2
8 3 50 50 50 50 50 50 50 50 50 50 2 2 2 2 2 2 2 2 2 2
8 4 50 50 50 50 50 50 50 50 50 50 2 2 2 2 2 2 2 2 2 2
8 5 50 50 50 50 50 50 50 50 50 50 2 2 2 2 2 2 2 2 2 2
8 7 50 50 50 50 50 50 50 50 50 50 2 2 2 2 2 2 2 2 2 2
8 8 50 50 50 50 50 50 50 50 50 50 2 2 2 2 2 2 2 2 2 2
8 9 50 50 50 50 50 50 50 50 50 50 2 2 2 2 2 2 2 2 2 2
8 10 50 50 50 50 50 50 50 50 50 50 2 2 2 2 2 2 2 2 2 2
8 11 50 50 50 50 50 50 50 50 50 50 2 2 2 2 2 2 2 2 2 2
8 12 50 50 50 50 50 50 50 50 50 50 2 2 2 2 2 2 2 2 2 2
8 13 50 50 50 50 50 50 50 50 50 50 2 2 2 2 2 2 2 2 2 2
8 14 50 50 50 50 50 50 50 50 50 50 2 2 2 2 2 2 2 2 2 2
9 1 50 50 50 50 50 50 50 50 50 50 2 2 2 2 2 2 2 2 2 2
9 2 50 50 50 50 50 50 50 50 50 50 2 2 2 2 2 2 2 2 2 2
9 3 50 50 50 50 50 50 50 50 50 50 2 2 2 2 2 2 2 2 2 2
9 4 50 50 50 50 50 50 50 50 50 50 2 2 2 2 2 2 2 2 2 2
9 5 50 50 50 50 50 50 50 50 50 50 2 2 2 2 2 2 2 2 2 2
9 6 50 50 50 50 50 50 50 50 50 50 2 2 2 2 2 2 2 2 2 2
9 7 50 50 50 50 50 50 50 50 50 50 2 2 2 2 2 2 2 2 2 2
9 8 50 50 50 50 50 50 50 50 50 50 2 2 2 2 2 2 2 2 2 2
9 10 50 50 50 50 50 50 50 50 50 50 2 2 2 2 2 2 2 2 2 2
9 11 50 50 50 50 50 50 50 50 50 50 2 2 2 2 2 2 2 2 2 2
9 12 50 50 50 50 50 50 50 50 50 50 2 2 2 2 2 2 2 2 2 2
9 13 50 50 50 50 50 50 50 50 50 50 2 2 2 2 2 2 2 2 2 2
9 14 50 50 50 50 50 50 50 50 50 50 2 2 2 2 2 2 2 2 2 2
10 1 50 50 50 50 50 50 50 50 50 50 2 2 2 2 2 2 2 2 2 2
10 2 50 50 50 50 50 50 50 50 50 50 2 2 2 2 2 2 2 2 2 2
10 3 50 50 50 50 50 50 50 50 50 50 2 2 2 2 2 2 2 2 2 2
10 4 50 50 50 50 50 50 50 50 50 50 2 2 2 2 2 2 2 2 2 2
10 5 50 50 50 50 50 50 50 50 50 50 2 2 2 2 2 2 2 2 2 2
10 6 50 50 50 50 50 50 50 50 50 50 2 2 2 2 2 2 2 2 2 2
10 7 50 50 50 50 50 50 50 50 50 50 2 2 2 2 2 2 2 2 2 2
10 8 50 50 50 50 50 50 50 50 50 50 2 2 2 2 2 2 2 2 2 2
10 9 50 50 50 50 50 50 50 50 50 50 2 2 2 2 2 2 2 2 2 2
10 10 50 50 50 50 50 50 50 50 50 50 2 2 2 2 2 2 2 2 2 2
10 11 50 50 50 50 50 50 50 50 50 50 2 2 2 2 2 2 2 2 2 2
10 12 50 50 50 50 50 50 50 50 50 50 2 2 2 2 2 2 2 2 2 2
10 13 50 50 50 50 50 50 50 50 50 50 2 2 2 2 2 2 2 2 2 2
10 14 50 50 50 50 50 50 50 50 50 50 2 2 2 2 2 2 2 2 2 2
11 1 50 50 50 50 50 50 50 50 50 50 2 2 2 2 2 2 2 2 2 2
11 2 50 50 50 50 50 50 50 50 50 50 2 2 2 2 2 2 2 2 2 2
11 3 50 50 50 50 50 50 50 50 50 50 2 2 2 2 2 2 2 2 2 2
11 4 50 50 50 50 50 50 50 50 50 50 2 2 2 2 2 2 2 2 2 2
11 5 50 50 50 50 50 50 50 50 50 50 2 2 2 2 2 2 2 2 2 2
11 6 50 50 50 50 50 50 50 50 50 50 2 2 2 2 2 2 2 2 2 2
11 7 50 50 50 50 50 50 50 50 50 50 2 2 2 2 2 2 2 2 2 2
11 8 50 50 50 50 50 50 50 50 50 50 2 2 2 2 2 2 2 2 2 2
11 9 50 50 50 50 50 50 50 50 50 50 2 2 2 2 2 2 2 2 2 2
11 10 50 50 50 50 50 50 50 50 50 50 2 2 2 2 2 2 2 2 2 2
11 11 50 50 50 50 50 50 50 50 50 50 2 2 2 2 2 2 2 2 2 2
11 12 50 50 50 50 50 50 50 50 50 50 2 2 2 2 2 2 2 2 2 2
11 13 50 50 50 50 50 50 50 50 50 50 2 2 2 2 2 2 2 2 2 2
11 14 50 50 50 50 50 50 50 50 50 50 2 2 2 2 2 2 2 2 2 2
12 1 50 50 50 50 50 50 50 50 50 50 2 2 2 2 2 2 2 2 2 2
12 2 50 50 50 50 50 50 50 50 50 50 2 2 2 2 2 2 2 2 2 2
12 3 50 50 50 50 50 50 50 50 50 50 2 2 2 2 2 2 2 2 2 2
12 4 50 50 50 50 50 50 50 50 50 50 2 2 2 2 2 2 2 2 2 2
12 5 50 50 50 50 50 50 50 50 50 50 2 2 2 2 2 2 2 2 2 2
12 6 50 50 50 50 50 50 50 50 50 50 2 2 2 2 2 2 2 2 2 2
12 7 50 50 50 50 50 50 50 50 50 50 2 2 2 2 2 2 2 2 2 2
12 8 50 50 50 50 50 50 50 50 50 50 2 2 2 2 2 2 2 2 2 2
12 9 50 50 50 50 50 50 50 50 50 50 2 2 2 2 2 2 2 2 2 2
12 10 50 50 50 50 50 50 50 50 50 50 2 2 2 2 2 2 2 2 2 2
12 11 50 50 50 50 50 50 50 50 50 50 2 2 2 2 2 2 2 2 2 2
12 12 50 50 50 50 50 50 50 50 50 50 2 2 2 2 2 2 2 2 2 2
12 13 50 50 50 50 50 50 50 50 50 50 2 2 2 2 2 2 2 2 2 2
