#ID Type LEN(mile) FFS_car(mile/h) Cap_car(v/hour) RHOJ_car(v/miles)         Lane FFS_truck(mile/h) Cap_truck(v/hour) RHOJ_truck(v/miles) Convert_factor(1)
1 CTM 0.5 40.0 2000 200 2 32.0 1200 100 2.0
2 CTM 0.5 40.0 2000 200 2 32.0 1200 100 2.0
3 CTM 0.5 40.0 2000 200 2 32.0 1200 100 2.0
4 CTM 0.5 40.0 2000 200 2 32.0 1200 100 2.0
5 CTM 0.5 40.0 2000 200 2 32.0 1200 100 2.0
6 CTM 0.5 40.0 2000 200 2 32.0 1200 100 2.0
7 CTM 0.5 40.0 2000 200 2 32.0 1200 100 2.0
8 CTM 0.5 40.0 2000 200 2 32.0 1200 100 2.0
9 CTM 0.5 40.0 2000 200 2 32.0 1200 100 2.0
10 CTM 0.5 40.0 2000 200 2 32.0 1200 100 2.0
11 CTM 0.5 40.0 2000 200 2 32.0 1200 100 2.0
12 CTM 0.5 40.0 2000 200 2 32.0 1200 100 2.0
13 CTM 0.5 40.0 2000 200 2 32.0 1200 100 2.0
14 CTM 0.5 40.0 2000 200 2 32.0 1200 100 2.0
15 CTM 0.5 40.0 2000 200 2 32.0 1200 100 2.0
16 CTM 0.5 40.0 2000 200 2 32.0 1200 100 2.0
17 CTM 0.5 40.0 2000 200 2 32.0 1200 100 2.0
18 CTM 0.5 40.0 2000 200 2 32.0 1200 100 2.0
19 CTM 0.5 40.0 2000 200 2 32.0 1200 100 2.0
20 CTM 0.5 40.0 2000 200 2 32.0 1200 100 2.0
21 CTM 0.5 40.0 2000 200 2 32.0 1200 100 2.0
22 CTM 0.5 40.0 2000 200 2 32.0 1200 100 2.0
23 CTM 0.5 40.0 2000 200 2 32.0 1200 100 2.0
24 CTM 0.5 40.0 2000 200 2 32.0 1200 100 2.0
25 CTM 0.5 40.0 2000 200 2 32.0 1200 100 2.0
26 CTM 0.5 40.0 2000 200 2 32.0 1200 100 2.0
27 CTM 0.5 40.0 2000 200 2 32.0 1200 100 2.0
28 CTM 0.5 40.0 2000 200 2 32.0 1200 100 2.0
29 CTM 0.5 40.0 2000 200 2 32.0 1200 100 2.0
30 CTM 0.5 40.0 2000 200 2 32.0 1200 100 2.0
31 CTM 0.5 40.0 2000 200 2 32.0 1200 100 2.0
32 CTM 0.5 40.0 2000 200 2 32.0 1200 100 2.0
33 CTM 0.5 40.0 2000 200 2 32.0 1200 100 2.0
34 CTM 0.5 40.0 2000 200 2 32.0 1200 100 2.0
35 CTM 0.5 40.0 2000 200 2 32.0 1200 100 2.0
36 CTM 0.5 40.0 2000 200 2 32.0 1200 100 2.0
37 CTM 0.5 40.0 2000 200 2 32.0 1200 100 2.0
38 CTM 0.5 40.0 2000 200 2 32.0 1200 100 2.0
39 CTM 0.5 40.0 2000 200 2 32.0 1200 100 2.0
40 CTM 0.5 40.0 2000 200 2 32.0 1200 100 2.0
41 CTM 0.5 40.0 2000 200 2 32.0 1200 100 2.0
42 CTM 0.5 40.0 2000 200 2 32.0 1200 100 2.0
43 CTM 0.5 40.0 2000 200 2 32.0 1200 100 2.0
44 CTM 0.5 40.0 2000 200 2 32.0 1200 100 2.0
45 CTM 0.5 40.0 2000 200 2 32.0 1200 100 2.0
46 CTM 0.5 40.0 2000 200 2 32.0 1200 100 2.0
47 CTM 0.5 40.0 2000 200 2 32.0 1200 100 2.0
48 CTM 0.5 40.0 2000 200 2 32.0 1200 100 2.0
49 CTM 0.5 40.0 2000 200 2 32.0 1200 100 2.0
50 CTM 0.5 40.0 2000 200 2 32.0 1200 100 2.0
51 CTM 0.5 40.0 2000 200 2 32.0 1200 100 2.0
52 CTM 0.5 40.0 2000 200 2 32.0 1200 100 2.0
53 CTM 0.5 40.0 2000 200 2 32.0 1200 100 2.0
54 CTM 0.5 40.0 2000 200 2 32.0 1200 100 2.0
55 CTM 0.5 40.0 2000 200 2 32.0 1200 100 2.0
56 CTM 0.5 40.0 2000 200 2 32.0 1200 100 2.0
57 CTM 0.5 40.0 2000 200 2 32.0 1200 100 2.0
58 CTM 0.5 40.0 2000 200 2 32.0 1200 100 2.0
59 CTM 0.5 40.0 2000 200 2 32.0 1200 100 2.0
60 CTM 0.5 40.0 2000 200 2 32.0 1200 100 2.0
61 CTM 0.5 40.0 2000 200 2 32.0 1200 100 2.0
62 CTM 0.5 40.0 2000 200 2 32.0 1200 100 2.0
63 CTM 0.5 40.0 2000 200 2 32.0 1200 100 2.0
64 CTM 0.5 40.0 2000 200 2 32.0 1200 100 2.0
65 CTM 0.5 40.0 2000 200 2 32.0 1200 100 2.0
66 CTM 0.5 40.0 2000 200 2 32.0 1200 100 2.0
67 CTM 0.5 40.0 2000 200 2 32.0 1200 100 2.0
68 CTM 0.5 40.0 2000 200 2 32.0 1200 100 2.0
69 CTM 0.5 40.0 2000 200 2 32.0 1200 100 2.0
70 CTM 0.5 40.0 2000 200 2 32.0 1200 100 2.0
71 CTM 0.5 40.0 2000 200 2 32.0 1200 100 2.0
72 CTM 0.5 40.0 2000 200 2 32.0 1200 100 2.0
73 CTM 0.5 40.0 2000 200 2 32.0 1200 100 2.0
74 CTM 0.5 40.0 2000 200 2 32.0 1200 100 2.0
75 CTM 0.5 40.0 2000 200 2 32.0 1200 100 2.0
76 CTM 0.5 40.0 2000 200 2 32.0 1200 100 2.0
77 CTM 0.5 40.0 2000 200 2 32.0 1200 100 2.0
78 CTM 0.5 40.0 2000 200 2 32.0 1200 100 2.0
79 CTM 0.5 40.0 2000 200 2 32.0 1200 100 2.0
80 CTM 0.5 40.0 2000 200 2 32.0 1200 100 2.0
81 CTM 0.5 40.0 2000 200 2 32.0 1200 100 2.0
82 CTM 0.5 40.0 2000 200 2 32.0 1200 100 2.0
83 CTM 0.5 40.0 2000 200 2 32.0 1200 100 2.0
84 CTM 0.5 40.0 2000 200 2 32.0 1200 100 2.0
85 CTM 0.5 40.0 2000 200 2 32.0 1200 100 2.0
86 CTM 0.5 40.0 2000 200 2 32.0 1200 100 2.0
87 CTM 0.5 40.0 2000 200 2 32.0 1200 100 2.0
88 CTM 0.5 40.0 2000 200 2 32.0 1200 100 2.0
89 CTM 0.5 40.0 2000 200 2 32.0 1200 100 2.0
90 CTM 0.5 40.0 2000 200 2 32.0 1200 100 2.0
91 CTM 0.5 40.0 2000 200 2 32.0 1200 100 2.0
92 CTM 0.5 40.0 2000 200 2 32.0 1200 100 2.0
93 CTM 0.5 40.0 2000 200 2 32.0 1200 100 2.0
94 CTM 0.5 40.0 2000 200 2 32.0 1200 100 2.0
95 CTM 0.5 40.0 2000 200 2 32.0 1200 100 2.0
96 CTM 0.5 40.0 2000 200 2 32.0 1200 100 2.0
97 CTM 0.5 40.0 2000 200 2 32.0 1200 100 2.0
98 CTM 0.5 40.0 2000 200 2 32.0 1200 100 2.0
99 CTM 0.5 40.0 2000 200 2 32.0 1200 100 2.0
100 CTM 0.5 40.0 2000 200 2 32.0 1200 100 2.0
101 CTM 0.5 40.0 2000 200 2 32.0 1200 100 2.0
102 CTM 0.5 40.0 2000 200 2 32.0 1200 100 2.0
103 CTM 0.5 40.0 2000 200 2 32.0 1200 100 2.0
104 CTM 0.5 40.0 2000 200 2 32.0 1200 100 2.0
105 CTM 0.5 40.0 2000 200 2 32.0 1200 100 2.0
106 CTM 0.5 40.0 2000 200 2 32.0 1200 100 2.0
107 CTM 0.5 40.0 2000 200 2 32.0 1200 100 2.0
108 CTM 0.5 40.0 2000 200 2 32.0 1200 100 2.0
109 CTM 0.5 40.0 2000 200 2 32.0 1200 100 2.0
110 CTM 0.5 40.0 2000 200 2 32.0 1200 100 2.0
111 CTM 0.5 40.0 2000 200 2 32.0 1200 100 2.0
112 CTM 0.5 40.0 2000 200 2 32.0 1200 100 2.0
113 CTM 0.5 40.0 2000 200 2 32.0 1200 100 2.0
114 CTM 0.5 40.0 2000 200 2 32.0 1200 100 2.0
115 CTM 0.5 40.0 2000 200 2 32.0 1200 100 2.0
116 CTM 0.5 40.0 2000 200 2 32.0 1200 100 2.0
117 CTM 0.5 40.0 2000 200 2 32.0 1200 100 2.0
118 CTM 0.5 40.0 2000 200 2 32.0 1200 100 2.0
119 CTM 0.5 40.0 2000 200 2 32.0 1200 100 2.0
120 CTM 0.5 40.0 2000 200 2 32.0 1200 100 2.0
121 PQ 1 99999 99999 99999 1 99999 99999 99999 2
122 PQ 1 99999 99999 99999 1 99999 99999 99999 2
123 PQ 1 99999 99999 99999 1 99999 99999 99999 2
124 PQ 1 99999 99999 99999 1 99999 99999 99999 2
125 PQ 1 99999 99999 99999 1 99999 99999 99999 2
126 PQ 1 99999 99999 99999 1 99999 99999 99999 2
127 PQ 1 99999 99999 99999 1 99999 99999 99999 2
128 PQ 1 99999 99999 99999 1 99999 99999 99999 2
129 PQ 1 99999 99999 99999 1 99999 99999 99999 2
130 PQ 1 99999 99999 99999 1 99999 99999 99999 2
131 PQ 1 99999 99999 99999 1 99999 99999 99999 2
132 PQ 1 99999 99999 99999 1 99999 99999 99999 2
133 PQ 1 99999 99999 99999 1 99999 99999 99999 2
134 PQ 1 99999 99999 99999 1 99999 99999 99999 2
135 PQ 1 99999 99999 99999 1 99999 99999 99999 2
136 PQ 1 99999 99999 99999 1 99999 99999 99999 2
137 PQ 1 99999 99999 99999 1 99999 99999 99999 2
138 PQ 1 99999 99999 99999 1 99999 99999 99999 2
139 PQ 1 99999 99999 99999 1 99999 99999 99999 2
140 PQ 1 99999 99999 99999 1 99999 99999 99999 2
141 PQ 1 99999 99999 99999 1 99999 99999 99999 2
142 PQ 1 99999 99999 99999 1 99999 99999 99999 2
143 PQ 1 99999 99999 99999 1 99999 99999 99999 2
144 PQ 1 99999 99999 99999 1 99999 99999 99999 2
145 PQ 1 99999 99999 99999 1 99999 99999 99999 2
146 PQ 1 99999 99999 99999 1 99999 99999 99999 2
