61 36 62
58 31 32 33 34 35 36 62
44 14 15 16 17 18 24 30 36 62
44 14 15 16 22 28 34 35 36 62
41 7 8 9 10 11 12 18 24 30 36 62
41 7 13 14 15 16 22 28 34 35 36 62
41 7 13 19 25 31 32 33 34 35 36 62
38 4 5 6 12 18 24 30 36 62
38 4 10 16 22 28 34 35 36 62
37 1 2 3 4 5 6 12 18 24 30 36 62
37 1 7 13 14 15 16 22 28 34 35 36 62
37 1 7 13 19 25 31 32 33 34 35 36 62
45 16 17 18 24 30 36 62
45 16 22 28 34 35 36 62
46 17 18 24 30 36 62
47 18 24 30 36 62
49 24 30 36 62
53 27 28 29 30 36 62
53 27 28 34 35 36 62
56 29 30 36 62
61 36 35 60
58 31 32 33 34 35 60
44 14 15 16 17 23 29 35 60
44 14 15 16 22 28 34 35 60
41 7 8 9 10 11 17 23 29 35 60
41 7 13 14 15 16 22 28 34 35 60
41 7 13 19 25 31 32 33 34 35 60
38 4 5 11 17 23 29 35 60
38 4 10 16 22 28 34 35 60
37 1 2 3 4 5 11 17 23 29 35 60
37 1 7 13 14 15 16 22 28 34 35 60
37 1 7 13 19 25 31 32 33 34 35 60
45 16 17 23 29 35 60
45 16 22 28 34 35 60
46 17 23 29 35 60
47 18 17 23 29 35 60
49 24 23 29 35 60
53 27 28 29 35 60
53 27 28 34 35 60
56 29 35 60
61 36 35 34 33 32 59
58 31 32 59
44 14 20 26 32 59
41 7 8 14 20 26 32 59
41 7 13 14 20 26 32 59
41 7 13 19 25 31 32 59
38 4 3 2 8 14 20 26 32 59
38 4 3 9 15 21 27 33 32 59
37 1 2 8 14 20 26 32 59
37 1 7 13 14 20 26 32 59
37 1 7 13 19 25 31 32 59
45 16 15 14 20 26 32 59
45 16 15 21 27 33 32 59
46 17 16 15 14 20 26 32 59
46 17 16 15 21 27 33 32 59
47 18 17 16 15 14 20 26 32 59
47 18 17 16 15 21 27 33 32 59
49 24 23 22 21 20 26 32 59
49 24 23 22 21 27 33 32 59
53 27 26 32 59
53 27 33 32 59
56 29 28 27 26 32 59
56 29 28 27 33 32 59
61 36 30 57
58 31 25 26 27 28 29 30 57
58 31 32 26 27 28 29 30 57
58 31 32 33 27 28 29 30 57
44 14 15 16 17 18 24 30 57
41 7 8 9 10 11 12 18 24 30 57
41 7 13 14 15 16 17 18 24 30 57
38 4 5 6 12 18 24 30 57
37 1 2 3 4 5 6 12 18 24 30 57
37 1 7 13 14 15 16 17 18 24 30 57
45 16 17 18 24 30 57
46 17 18 24 30 57
47 18 24 30 57
49 24 30 57
53 27 28 29 30 57
56 29 30 57
61 36 30 24 18 12 11 43
61 36 35 29 23 17 11 43
58 31 25 19 13 7 8 9 10 11 43
58 31 32 26 20 14 8 9 10 11 43
58 31 32 33 27 21 15 9 10 11 43
44 14 8 9 10 11 43
41 7 8 9 10 11 43
38 4 5 11 43
37 1 2 3 4 5 11 43
45 16 10 11 43
46 17 11 43
47 18 12 11 43
49 24 18 12 11 43
53 27 21 15 9 10 11 43
53 27 28 22 16 10 11 43
56 29 23 17 11 43
61 36 30 24 18 12 11 10 9 8 7 42
61 36 35 29 28 22 16 10 9 8 7 42
61 36 35 34 28 22 16 10 9 8 7 42
61 36 35 34 33 32 31 25 19 13 7 42
58 31 25 19 13 7 42
58 31 32 26 20 14 8 7 42
44 14 8 7 42
41 7 42
38 4 3 2 1 7 42
37 1 7 42
45 16 10 9 8 7 42
46 17 11 10 9 8 7 42
47 18 12 11 10 9 8 7 42
49 24 18 12 11 10 9 8 7 42
49 24 23 22 16 10 9 8 7 42
53 27 21 15 9 8 7 42
53 27 26 20 14 8 7 42
56 29 23 17 11 10 9 8 7 42
56 29 28 22 16 10 9 8 7 42
61 36 30 24 18 12 6 5 40
61 36 35 29 23 17 11 5 40
58 31 25 19 13 7 1 2 3 4 5 40
58 31 32 26 20 14 8 2 3 4 5 40
58 31 32 33 27 21 15 9 3 4 5 40
44 14 8 2 3 4 5 40
41 7 1 2 3 4 5 40
38 4 5 40
37 1 2 3 4 5 40
45 16 10 4 5 40
46 17 11 5 40
47 18 12 6 5 40
49 24 18 12 6 5 40
53 27 21 15 9 3 4 5 40
53 27 28 22 16 10 4 5 40
56 29 23 17 11 5 40
61 36 30 24 18 12 6 5 4 39
61 36 35 29 28 22 16 10 4 39
61 36 35 34 28 22 16 10 4 39
58 31 25 19 13 7 1 2 3 4 39
58 31 32 26 20 14 8 2 3 4 39
58 31 32 33 27 21 15 9 3 4 39
44 14 8 2 3 4 39
41 7 1 2 3 4 39
38 4 39
37 1 2 3 4 39
45 16 10 4 39
46 17 11 5 4 39
47 18 12 6 5 4 39
49 24 18 12 6 5 4 39
49 24 23 22 16 10 4 39
53 27 21 15 9 3 4 39
53 27 28 22 16 10 4 39
56 29 23 17 11 5 4 39
56 29 28 22 16 10 4 39
61 36 30 24 23 22 21 20 48
61 36 35 29 28 22 21 20 48
61 36 35 34 28 22 21 20 48
58 31 25 19 20 48
58 31 32 26 20 48
44 14 20 48
41 7 8 14 20 48
41 7 13 14 20 48
38 4 3 2 8 14 20 48
37 1 2 8 14 20 48
37 1 7 13 14 20 48
45 16 15 14 20 48
46 17 16 15 14 20 48
47 18 17 16 15 14 20 48
49 24 23 22 21 20 48
53 27 21 20 48
53 27 26 20 48
56 29 23 22 21 20 48
56 29 28 22 21 20 48
61 36 30 24 50
58 31 25 19 20 21 22 23 24 50
58 31 32 26 20 21 22 23 24 50
58 31 32 33 27 21 22 23 24 50
44 14 15 16 17 18 24 50
41 7 8 9 10 11 12 18 24 50
41 7 13 14 15 16 17 18 24 50
38 4 5 6 12 18 24 50
37 1 2 3 4 5 6 12 18 24 50
37 1 7 13 14 15 16 17 18 24 50
45 16 17 18 24 50
46 17 18 24 50
47 18 24 50
49 24 50
53 27 21 22 23 24 50
53 27 28 22 23 24 50
56 29 23 24 50
61 36 30 29 28 27 26 25 51
61 36 35 29 28 27 26 25 51
61 36 35 34 28 27 26 25 51
61 36 35 34 33 32 31 25 51
58 31 25 51
44 14 13 19 25 51
41 7 13 19 25 51
38 4 3 2 1 7 13 19 25 51
37 1 7 13 19 25 51
45 16 15 14 13 19 25 51
46 17 16 15 14 13 19 25 51
47 18 17 16 15 14 13 19 25 51
49 24 23 22 21 20 19 25 51
53 27 26 25 51
56 29 28 27 26 25 51
61 36 30 29 28 27 26 52
61 36 35 29 28 27 26 52
61 36 35 34 28 27 26 52
58 31 25 26 52
58 31 32 26 52
44 14 20 26 52
41 7 8 14 20 26 52
41 7 13 14 20 26 52
38 4 3 2 8 14 20 26 52
37 1 2 8 14 20 26 52
37 1 7 13 14 20 26 52
45 16 15 14 20 26 52
46 17 16 15 14 20 26 52
47 18 17 16 15 14 20 26 52
49 24 23 22 21 20 26 52
53 27 26 52
56 29 28 27 26 52
61 36 30 29 28 27 54
61 36 35 29 28 27 54
61 36 35 34 28 27 54
58 31 25 26 27 54
58 31 32 26 27 54
58 31 32 33 27 54
44 14 15 21 27 54
41 7 8 9 15 21 27 54
41 7 13 14 15 21 27 54
38 4 3 9 15 21 27 54
37 1 2 3 9 15 21 27 54
37 1 7 13 14 15 21 27 54
45 16 15 21 27 54
46 17 16 15 21 27 54
47 18 17 16 15 21 27 54
49 24 23 22 21 27 54
53 27 54
56 29 28 27 54
61 36 30 29 28 55
61 36 35 29 28 55
61 36 35 34 28 55
58 31 25 26 27 28 55
58 31 32 26 27 28 55
58 31 32 33 27 28 55
44 14 15 16 22 28 55
41 7 8 9 10 16 22 28 55
41 7 13 14 15 16 22 28 55
38 4 10 16 22 28 55
37 1 2 3 4 10 16 22 28 55
37 1 7 13 14 15 16 22 28 55
45 16 22 28 55
46 17 16 22 28 55
47 18 17 16 22 28 55
49 24 23 22 28 55
53 27 28 55
56 29 28 55
