# EdgeID FromNodeId ToNodeId
1 1 2
2 2 1
3 1 7
4 7 1
5 2 3
6 3 2
7 2 8
8 8 2
9 3 4
10 4 3
11 3 9
12 9 3
13 4 5
14 5 4
15 4 10
16 10 4
17 5 6
18 6 5
19 5 11
20 11 5
21 6 12
22 12 6
23 7 8
24 8 7
25 7 13
26 13 7
27 8 9
28 9 8
29 8 14
30 14 8
31 9 10
32 10 9
33 9 15
34 15 9
35 10 11
36 11 10
37 10 16
38 16 10
39 11 12
40 12 11
41 11 17
42 17 11
43 12 18
44 18 12
45 13 14
46 14 13
47 13 19
48 19 13
49 14 15
50 15 14
51 14 20
52 20 14
53 15 16
54 16 15
55 15 21
56 21 15
57 16 17
58 17 16
59 16 22
60 22 16
61 17 18
62 18 17
63 17 23
64 23 17
65 18 24
66 24 18
67 19 20
68 20 19
69 19 25
70 25 19
71 20 21
72 21 20
73 20 26
74 26 20
75 21 22
76 22 21
77 21 27
78 27 21
79 22 23
80 23 22
81 22 28
82 28 22
83 23 24
84 24 23
85 23 29
86 29 23
87 24 30
88 30 24
89 25 26
90 26 25
91 25 31
92 31 25
93 26 27
94 27 26
95 26 32
96 32 26
97 27 28
98 28 27
99 27 33
100 33 27
101 28 29
102 29 28
103 28 34
104 34 28
105 29 30
106 30 29
107 29 35
108 35 29
109 30 36
110 36 30
111 31 32
112 32 31
113 32 33
114 33 32
115 33 34
116 34 33
117 34 35
118 35 34
119 35 36
120 36 35
121 37 1
122 38 4
123 4 39
124 5 40
125 41 7
126 7 42
127 11 43
128 44 14
129 45 16
130 46 17
131 47 18
132 20 48
133 49 24
134 24 50
135 25 51
136 26 52
137 53 27
138 27 54
139 28 55
140 56 29
141 30 57
142 58 31
143 32 59
144 35 60
145 61 36
146 36 62
